[
    [
        [
            [array([0.00000000e+00, 1.54716026e-04, 5.48538637e-04, 1.65968100e-03,
                4.92278264e-03, 8.72035782e-03, 1.61185969e-02, 2.60485527e-02,
                3.46282596e-02, 4.49098428e-02, 5.28425553e-02, 5.89327407e-02,
                6.12956764e-02, 6.39117837e-02, 6.58387015e-02, 6.49807308e-02,
                6.15207179e-02, 5.87076992e-02, 5.62322428e-02, 5.09718979e-02,
                4.63726125e-02, 4.09434865e-02, 3.49236265e-02, 2.95366958e-02,
                2.35730963e-02, 2.05772314e-02, 1.67233959e-02, 1.26867141e-02,
                1.07457312e-02, 7.77799657e-03, 6.01985991e-03, 4.85245717e-03,
                2.92553940e-03, 2.41919604e-03, 2.13789417e-03, 1.63155082e-03,
                1.09707727e-03, 6.89189569e-04, 3.65692425e-04, 3.51627331e-04,
                2.53171679e-04, 1.26585839e-04, 9.84556528e-05, 8.43905595e-05,
                7.03254663e-05, 1.40650933e-05, 1.40650933e-05, 1.40650933e-05,
                0.00000000e+00, 1.40650933e-05, 0.00000000e+00, 1.40650933e-05,
                0.00000000e+00, 0.00000000e+00, 0.00000000e+00, 0.00000000e+00,
                0.00000000e+00, 0.00000000e+00, 0.00000000e+00, 0.00000000e+00,
                0.00000000e+00, 0.00000000e+00, 0.00000000e+00, 0.00000000e+00,
                0.00000000e+00, 0.00000000e+00, 0.00000000e+00, 0.00000000e+00,
                0.00000000e+00, 0.00000000e+00, 0.00000000e+00, 0.00000000e+00,
                0.00000000e+00, 0.00000000e+00, 0.00000000e+00, 0.00000000e+00,
                0.00000000e+00, 0.00000000e+00, 0.00000000e+00, 0.00000000e+00,
                0.00000000e+00, 0.00000000e+00, 0.00000000e+00, 0.00000000e+00,
                0.00000000e+00, 0.00000000e+00, 0.00000000e+00, 0.00000000e+00,
                0.00000000e+00, 0.00000000e+00, 0.00000000e+00, 0.00000000e+00,
                0.00000000e+00, 0.00000000e+00, 0.00000000e+00, 0.00000000e+00,
                0.00000000e+00, 0.00000000e+00, 0.00000000e+00
            ]), array([0.00000000e+00, 4.66486370e-05, 8.78364792e-05, 1.52786021e-04,
                2.63133800e-04, 3.50217998e-04, 4.76140282e-04, 6.05289454e-04,
                6.97889461e-04, 7.94771116e-04, 8.62111054e-04, 9.10436430e-04,
                9.28509238e-04, 9.48116658e-04, 9.62303214e-04, 9.56012572e-04,
                9.30212145e-04, 9.08696464e-04, 8.89332187e-04, 8.46713941e-04,
                8.07610747e-04, 7.58863594e-04, 7.00859518e-04, 6.44543545e-04,
                5.75810557e-04, 5.37978326e-04, 4.84990848e-04, 4.22421374e-04,
                3.88766912e-04, 3.30754058e-04, 2.90980912e-04, 2.61247512e-04,
                2.02849660e-04, 1.84461969e-04, 1.73406116e-04, 1.51485690e-04,
                1.24219540e-04, 9.84556528e-05, 7.17181850e-05, 7.03254663e-05,
                5.96731369e-05, 4.21952798e-05, 3.72127389e-05, 3.44523017e-05,
                3.14505046e-05, 1.40650933e-05, 1.40650933e-05, 1.40650933e-05,
                0.00000000e+00, 1.40650933e-05, 0.00000000e+00, 1.40650933e-05,
                0.00000000e+00, 0.00000000e+00, 0.00000000e+00, 0.00000000e+00,
                0.00000000e+00, 0.00000000e+00, 0.00000000e+00, 0.00000000e+00,
                0.00000000e+00, 0.00000000e+00, 0.00000000e+00, 0.00000000e+00,
                0.00000000e+00, 0.00000000e+00, 0.00000000e+00, 0.00000000e+00,
                0.00000000e+00, 0.00000000e+00, 0.00000000e+00, 0.00000000e+00,
                0.00000000e+00, 0.00000000e+00, 0.00000000e+00, 0.00000000e+00,
                0.00000000e+00, 0.00000000e+00, 0.00000000e+00, 0.00000000e+00,
                0.00000000e+00, 0.00000000e+00, 0.00000000e+00, 0.00000000e+00,
                0.00000000e+00, 0.00000000e+00, 0.00000000e+00, 0.00000000e+00,
                0.00000000e+00, 0.00000000e+00, 0.00000000e+00, 0.00000000e+00,
                0.00000000e+00, 0.00000000e+00, 0.00000000e+00, 0.00000000e+00,
                0.00000000e+00, 0.00000000e+00, 0.00000000e+00
            ]), array([0, 11, 39, 118, 350, 620, 1146, 1852, 2462, 3193, 3757,
                4190, 4358, 4544, 4681, 4620, 4374, 4174, 3998, 3624, 3297, 2911,
                2483, 2100, 1676, 1463, 1189, 902, 764, 553, 428, 345, 208,
                172, 152, 116, 78, 49, 26, 25, 18, 9, 7, 6,
                5, 1, 1, 1, 0, 1, 0, 1, 0, 0, 0,
                0, 0, 0, 0, 0, 0, 0, 0, 0, 0, 0,
                0, 0, 0, 0, 0, 0, 0, 0, 0, 0, 0,
                0, 0, 0, 0, 0, 0, 0, 0, 0, 0, 0,
                0, 0, 0, 0, 0, 0, 0, 0, 0, 0, 0
            ])], 71098.0
        ],
        [
            [array([0.00000000e+00, 9.28275265e-05, 3.71310106e-04, 1.42335541e-03,
                3.74404357e-03, 6.65263940e-03, 1.40478990e-02, 2.07933659e-02,
                2.95810384e-02, 3.88328486e-02, 5.05600594e-02, 5.43969305e-02,
                5.90383068e-02, 6.03688347e-02, 5.85741692e-02, 5.97809270e-02,
                6.14827650e-02, 5.64700786e-02, 5.38090228e-02, 5.04672319e-02,
                4.64137632e-02, 4.30719723e-02, 3.92351012e-02, 3.37892196e-02,
                2.82814531e-02, 2.39495018e-02, 2.01435732e-02, 1.62448171e-02,
                1.42026115e-02, 1.17581534e-02, 9.43746519e-03, 7.08583452e-03,
                6.71452441e-03, 4.67231883e-03, 4.05346866e-03, 2.32068816e-03,
                2.66105576e-03, 1.45429791e-03, 1.23770035e-03, 7.11677703e-04,
                7.11677703e-04, 5.56965159e-04, 2.47540071e-04, 1.54712544e-04,
                1.54712544e-04, 3.09425088e-05, 6.18850176e-05, 6.18850176e-05,
                0.00000000e+00, 3.09425088e-05, 3.09425088e-05, 0.00000000e+00,
                3.09425088e-05, 0.00000000e+00, 0.00000000e+00, 0.00000000e+00,
                0.00000000e+00, 0.00000000e+00, 0.00000000e+00, 0.00000000e+00,
                0.00000000e+00, 0.00000000e+00, 0.00000000e+00, 0.00000000e+00,
                0.00000000e+00, 0.00000000e+00, 0.00000000e+00, 0.00000000e+00,
                0.00000000e+00, 0.00000000e+00, 0.00000000e+00, 0.00000000e+00,
                0.00000000e+00, 0.00000000e+00, 0.00000000e+00, 0.00000000e+00,
                0.00000000e+00, 0.00000000e+00, 0.00000000e+00, 0.00000000e+00,
                0.00000000e+00, 0.00000000e+00, 0.00000000e+00, 0.00000000e+00,
                0.00000000e+00, 0.00000000e+00, 0.00000000e+00, 0.00000000e+00,
                0.00000000e+00, 0.00000000e+00, 0.00000000e+00, 0.00000000e+00,
                0.00000000e+00, 0.00000000e+00, 0.00000000e+00, 0.00000000e+00,
                0.00000000e+00, 0.00000000e+00, 0.00000000e+00
            ]), array([0.00000000e+00, 5.35939974e-05, 1.07187995e-04, 2.09862305e-04,
                3.40367597e-04, 4.53706241e-04, 6.59300568e-04, 8.02121505e-04,
                9.56719156e-04, 1.09616867e-03, 1.25078179e-03, 1.29737331e-03,
                1.35158919e-03, 1.36673450e-03, 1.34626585e-03, 1.36006318e-03,
                1.37928641e-03, 1.32186456e-03, 1.29034343e-03, 1.24963305e-03,
                1.19839821e-03, 1.15445003e-03, 1.10183141e-03, 1.02250830e-03,
                9.35467322e-04, 8.60847066e-04, 7.89488881e-04, 7.08981944e-04,
                6.62921136e-04, 6.03180540e-04, 5.40387685e-04, 4.68245125e-04,
                4.55811618e-04, 3.80227914e-04, 3.54153201e-04, 2.67969987e-04,
                2.86949022e-04, 2.12131153e-04, 1.95697609e-04, 1.48395059e-04,
                1.48395059e-04, 1.31277947e-04, 8.75186313e-05, 6.91895531e-05,
                6.91895531e-05, 3.09425088e-05, 4.37593156e-05, 4.37593156e-05,
                0.00000000e+00, 3.09425088e-05, 3.09425088e-05, 0.00000000e+00,
                3.09425088e-05, 0.00000000e+00, 0.00000000e+00, 0.00000000e+00,
                0.00000000e+00, 0.00000000e+00, 0.00000000e+00, 0.00000000e+00,
                0.00000000e+00, 0.00000000e+00, 0.00000000e+00, 0.00000000e+00,
                0.00000000e+00, 0.00000000e+00, 0.00000000e+00, 0.00000000e+00,
                0.00000000e+00, 0.00000000e+00, 0.00000000e+00, 0.00000000e+00,
                0.00000000e+00, 0.00000000e+00, 0.00000000e+00, 0.00000000e+00,
                0.00000000e+00, 0.00000000e+00, 0.00000000e+00, 0.00000000e+00,
                0.00000000e+00, 0.00000000e+00, 0.00000000e+00, 0.00000000e+00,
                0.00000000e+00, 0.00000000e+00, 0.00000000e+00, 0.00000000e+00,
                0.00000000e+00, 0.00000000e+00, 0.00000000e+00, 0.00000000e+00,
                0.00000000e+00, 0.00000000e+00, 0.00000000e+00, 0.00000000e+00,
                0.00000000e+00, 0.00000000e+00, 0.00000000e+00
            ]), array([0, 3, 12, 46, 121, 215, 454, 672, 956, 1255, 1634,
                1758, 1908, 1951, 1893, 1932, 1987, 1825, 1739, 1631, 1500, 1392,
                1268, 1092, 914, 774, 651, 525, 459, 380, 305, 229, 217,
                151, 131, 75, 86, 47, 40, 23, 23, 18, 8, 5,
                5, 1, 2, 2, 0, 1, 1, 0, 1, 0, 0,
                0, 0, 0, 0, 0, 0, 0, 0, 0, 0, 0,
                0, 0, 0, 0, 0, 0, 0, 0, 0, 0, 0,
                0, 0, 0, 0, 0, 0, 0, 0, 0, 0, 0,
                0, 0, 0, 0, 0, 0, 0, 0, 0, 0, 0
            ])], 32318.0
        ],
        [
            [array([0.00000000e+00, 1.27008319e-04, 1.90512479e-04, 1.71461231e-03,
                2.98469550e-03, 6.22340763e-03, 1.13037404e-02, 1.74636439e-02,
                2.39410681e-02, 3.51813044e-02, 4.66120531e-02, 5.07398235e-02,
                5.58836604e-02, 5.85508351e-02, 6.01384391e-02, 5.74712644e-02,
                5.65187020e-02, 5.51851146e-02, 5.35340065e-02, 5.28989649e-02,
                4.81996571e-02, 4.38178701e-02, 3.86740331e-02, 3.53083127e-02,
                2.98469550e-02, 2.69257636e-02, 2.41950848e-02, 1.97497936e-02,
                1.71461231e-02, 1.34628818e-02, 1.06686988e-02, 8.70006985e-03,
                7.49349082e-03, 5.77887852e-03, 5.33434940e-03, 3.68324125e-03,
                3.49272877e-03, 2.15914142e-03, 2.34965390e-03, 1.27008319e-03,
                1.46059567e-03, 1.39709151e-03, 6.98545755e-04, 4.44529117e-04,
                2.54016638e-04, 3.81024957e-04, 1.27008319e-04, 2.54016638e-04,
                6.35041595e-05, 0.00000000e+00, 0.00000000e+00, 0.00000000e+00,
                0.00000000e+00, 0.00000000e+00, 0.00000000e+00, 0.00000000e+00,
                0.00000000e+00, 0.00000000e+00, 0.00000000e+00, 0.00000000e+00,
                0.00000000e+00, 0.00000000e+00, 0.00000000e+00, 0.00000000e+00,
                0.00000000e+00, 0.00000000e+00, 0.00000000e+00, 0.00000000e+00,
                0.00000000e+00, 0.00000000e+00, 0.00000000e+00, 0.00000000e+00,
                0.00000000e+00, 0.00000000e+00, 0.00000000e+00, 0.00000000e+00,
                0.00000000e+00, 0.00000000e+00, 0.00000000e+00, 0.00000000e+00,
                0.00000000e+00, 0.00000000e+00, 0.00000000e+00, 0.00000000e+00,
                0.00000000e+00, 0.00000000e+00, 0.00000000e+00, 0.00000000e+00,
                0.00000000e+00, 0.00000000e+00, 0.00000000e+00, 0.00000000e+00,
                0.00000000e+00, 0.00000000e+00, 0.00000000e+00, 0.00000000e+00,
                0.00000000e+00, 0.00000000e+00, 0.00000000e+00
            ]), array([0.00000000e+00, 8.98084437e-05, 1.09992431e-04, 3.29977292e-04,
                4.35362583e-04, 6.28659106e-04, 8.47251163e-04, 1.05309735e-03,
                1.23302774e-03, 1.49471040e-03, 1.72048227e-03, 1.79504592e-03,
                1.88383781e-03, 1.92826906e-03, 1.95423669e-03, 1.91040947e-03,
                1.89451119e-03, 1.87202680e-03, 1.84380912e-03, 1.83284050e-03,
                1.74953671e-03, 1.66811780e-03, 1.56715091e-03, 1.49740600e-03,
                1.37673737e-03, 1.30763068e-03, 1.23955174e-03, 1.11990805e-03,
                1.04347982e-03, 9.24634519e-04, 8.23107982e-04, 7.43297130e-04,
                6.89831745e-04, 6.05791072e-04, 5.82025236e-04, 4.83633270e-04,
                4.70959452e-04, 3.70289699e-04, 3.86280722e-04, 2.83999235e-04,
                3.04555250e-04, 2.97860911e-04, 2.10619470e-04, 1.68016213e-04,
                1.27008319e-04, 1.55552787e-04, 8.98084437e-05, 1.27008319e-04,
                6.35041595e-05, 0.00000000e+00, 0.00000000e+00, 0.00000000e+00,
                0.00000000e+00, 0.00000000e+00, 0.00000000e+00, 0.00000000e+00,
                0.00000000e+00, 0.00000000e+00, 0.00000000e+00, 0.00000000e+00,
                0.00000000e+00, 0.00000000e+00, 0.00000000e+00, 0.00000000e+00,
                0.00000000e+00, 0.00000000e+00, 0.00000000e+00, 0.00000000e+00,
                0.00000000e+00, 0.00000000e+00, 0.00000000e+00, 0.00000000e+00,
                0.00000000e+00, 0.00000000e+00, 0.00000000e+00, 0.00000000e+00,
                0.00000000e+00, 0.00000000e+00, 0.00000000e+00, 0.00000000e+00,
                0.00000000e+00, 0.00000000e+00, 0.00000000e+00, 0.00000000e+00,
                0.00000000e+00, 0.00000000e+00, 0.00000000e+00, 0.00000000e+00,
                0.00000000e+00, 0.00000000e+00, 0.00000000e+00, 0.00000000e+00,
                0.00000000e+00, 0.00000000e+00, 0.00000000e+00, 0.00000000e+00,
                0.00000000e+00, 0.00000000e+00, 0.00000000e+00
            ]), array([0, 2, 3, 27, 47, 98, 178, 275, 377, 554, 734, 799, 880,
                922, 947, 905, 890, 869, 843, 833, 759, 690, 609, 556, 470, 424,
                381, 311, 270, 212, 168, 137, 118, 91, 84, 58, 55, 34, 37,
                20, 23, 22, 11, 7, 4, 6, 2, 4, 1, 0, 0, 0,
                0, 0, 0, 0, 0, 0, 0, 0, 0, 0, 0, 0, 0,
                0, 0, 0, 0, 0, 0, 0, 0, 0, 0, 0, 0, 0,
                0, 0, 0, 0, 0, 0, 0, 0, 0, 0, 0, 0, 0,
                0, 0, 0, 0, 0, 0, 0, 0
            ])], 15747.0
        ]
    ],
    [
        [
            [array([0., 0., 0.00077483, 0.00309933, 0.00728343,
                0.01689137, 0.0306834, 0.041841, 0.05594297, 0.06772044,
                0.08058267, 0.08585154, 0.08306214, 0.07841314, 0.06834031,
                0.06291647, 0.05392841, 0.0450953, 0.0376569, 0.03285294,
                0.02665427, 0.02339997, 0.02293507, 0.01410197, 0.01239733,
                0.0120874, 0.00821323, 0.0055788, 0.00619867, 0.0041841,
                0.00294437, 0.0027894, 0.00201457, 0.00061987, 0.00061987,
                0.00061987, 0.0004649, 0., 0.00061987, 0.00030993,
                0., 0., 0., 0.00030993, 0.,
                0., 0., 0., 0., 0.,
                0., 0., 0., 0., 0.,
                0., 0., 0., 0., 0.,
                0., 0., 0., 0., 0.,
                0., 0., 0., 0., 0.,
                0., 0., 0., 0., 0.,
                0., 0., 0., 0., 0.,
                0., 0., 0., 0., 0.,
                0., 0., 0., 0., 0.,
                0., 0., 0., 0., 0.,
                0., 0., 0., 0.
            ]), array([0., 0., 0.00034652, 0.00069303, 0.0010624,
                0.0016179, 0.00218057, 0.00254636, 0.00294437, 0.00323951,
                0.00353378, 0.00364748, 0.00358774, 0.00348589, 0.0032543,
                0.00312249, 0.00289087, 0.00264353, 0.00241569, 0.00225635,
                0.00203237, 0.00190426, 0.00188525, 0.00147829, 0.00138606,
                0.00136863, 0.00112817, 0.0009298, 0.0009801, 0.00080523,
                0.00067548, 0.00065747, 0.00055874, 0.00030993, 0.00030993,
                0.00030993, 0.00026841, 0., 0.00030993, 0.00021916,
                0., 0., 0., 0.00021916, 0.,
                0., 0., 0., 0., 0.,
                0., 0., 0., 0., 0.,
                0., 0., 0., 0., 0.,
                0., 0., 0., 0., 0.,
                0., 0., 0., 0., 0.,
                0., 0., 0., 0., 0.,
                0., 0., 0., 0., 0.,
                0., 0., 0., 0., 0.,
                0., 0., 0., 0., 0.,
                0., 0., 0., 0., 0.,
                0., 0., 0., 0.
            ]), array([0, 0, 5, 20, 47, 109, 198, 270, 361, 437, 520, 554, 536,
                506, 441, 406, 348, 291, 243, 212, 172, 151, 148, 91, 80, 78,
                53, 36, 40, 27, 19, 18, 13, 4, 4, 4, 3, 0, 4,
                2, 0, 0, 0, 2, 0, 0, 0, 0, 0, 0, 0, 0,
                0, 0, 0, 0, 0, 0, 0, 0, 0, 0, 0, 0, 0,
                0, 0, 0, 0, 0, 0, 0, 0, 0, 0, 0, 0, 0,
                0, 0, 0, 0, 0, 0, 0, 0, 0, 0, 0, 0, 0,
                0, 0, 0, 0, 0, 0, 0, 0
            ])], 6453.0
        ],
        [
            [array([0., 0.00070796, 0.00035398, 0.00176991, 0.00707965,
                0.0120354, 0.02230088, 0.03964602, 0.04884956, 0.06300885,
                0.07185841, 0.07079646, 0.08389381, 0.07681416, 0.07185841,
                0.06371681, 0.05734513, 0.04884956, 0.04106195, 0.03929204,
                0.02584071, 0.02371681, 0.02725664, 0.01911504, 0.01769912,
                0.01132743, 0.00849558, 0.00743363, 0.00955752, 0.00814159,
                0.00495575, 0.00318584, 0.00353982, 0.00106195, 0.00176991,
                0.00176991, 0.00176991, 0.00070796, 0., 0.00070796,
                0., 0.00035398, 0., 0.00035398, 0.,
                0., 0., 0., 0., 0.,
                0., 0., 0., 0., 0.,
                0., 0., 0., 0., 0.,
                0., 0., 0., 0., 0.,
                0., 0., 0., 0., 0.,
                0., 0., 0., 0., 0.,
                0., 0., 0., 0., 0.,
                0., 0., 0., 0., 0.,
                0., 0., 0., 0., 0.,
                0., 0., 0., 0., 0.,
                0., 0., 0., 0.
            ]), array([0., 0.00050061, 0.00035398, 0.00079153, 0.00158306,
                0.00206405, 0.00280965, 0.0037462, 0.00415835, 0.00472271,
                0.00504347, 0.00500607, 0.00544949, 0.00521448, 0.00504347,
                0.00474917, 0.00450546, 0.00415835, 0.00381251, 0.00372943,
                0.00302443, 0.00289747, 0.00310618, 0.00260123, 0.00250303,
                0.00200243, 0.00173415, 0.00162215, 0.00183935, 0.00169764,
                0.00132448, 0.00106195, 0.00111939, 0.00061312, 0.00079153,
                0.00079153, 0.00079153, 0.00050061, 0., 0.00050061,
                0., 0.00035398, 0., 0.00035398, 0.,
                0., 0., 0., 0., 0.,
                0., 0., 0., 0., 0.,
                0., 0., 0., 0., 0.,
                0., 0., 0., 0., 0.,
                0., 0., 0., 0., 0.,
                0., 0., 0., 0., 0.,
                0., 0., 0., 0., 0.,
                0., 0., 0., 0., 0.,
                0., 0., 0., 0., 0.,
                0., 0., 0., 0., 0.,
                0., 0., 0., 0.
            ]), array([0, 2, 1, 5, 20, 34, 63, 112, 138, 178, 203, 200, 237,
                217, 203, 180, 162, 138, 116, 111, 73, 67, 77, 54, 50, 32,
                24, 21, 27, 23, 14, 9, 10, 3, 5, 5, 5, 2, 0,
                2, 0, 1, 0, 1, 0, 0, 0, 0, 0, 0, 0, 0,
                0, 0, 0, 0, 0, 0, 0, 0, 0, 0, 0, 0, 0,
                0, 0, 0, 0, 0, 0, 0, 0, 0, 0, 0, 0, 0,
                0, 0, 0, 0, 0, 0, 0, 0, 0, 0, 0, 0, 0,
                0, 0, 0, 0, 0, 0, 0, 0
            ])], 2825.0
        ],
        [
            [array([0., 0., 0.00208914, 0.00139276, 0.00487465,
                0.00626741, 0.01880223, 0.02437326, 0.04178273, 0.05988858,
                0.06824513, 0.09192201, 0.06963788, 0.06824513, 0.06754875,
                0.06406685, 0.05710306, 0.04247911, 0.04456825, 0.04178273,
                0.03064067, 0.02994429, 0.03064067, 0.02089136, 0.02228412,
                0.01949861, 0.01253482, 0.00766017, 0.01253482, 0.0097493,
                0.00766017, 0.00557103, 0.00487465, 0.00348189, 0.,
                0.00278552, 0.00278552, 0.00069638, 0., 0.,
                0., 0.00069638, 0., 0., 0.,
                0., 0., 0., 0., 0.,
                0., 0., 0., 0., 0.,
                0., 0., 0., 0., 0.,
                0., 0., 0., 0., 0.,
                0., 0., 0., 0., 0.,
                0., 0., 0., 0., 0.,
                0., 0., 0., 0., 0.,
                0., 0., 0., 0., 0.,
                0., 0., 0., 0., 0.,
                0., 0., 0., 0., 0.,
                0., 0., 0., 0.
            ]), array([0., 0., 0.00120616, 0.00098483, 0.00184245,
                0.00208914, 0.00361849, 0.00411983, 0.00539413, 0.00645795,
                0.0068938, 0.00800078, 0.00696379, 0.0068938, 0.00685854,
                0.00667943, 0.00630598, 0.00543889, 0.00557103, 0.00539413,
                0.00461925, 0.00456646, 0.00461925, 0.00381422, 0.00393931,
                0.00368489, 0.00295449, 0.00230963, 0.00295449, 0.00260561,
                0.00230963, 0.00196966, 0.00184245, 0.00155715, 0.,
                0.00139276, 0.00139276, 0.00069638, 0., 0.,
                0., 0.00069638, 0., 0., 0.,
                0., 0., 0., 0., 0.,
                0., 0., 0., 0., 0.,
                0., 0., 0., 0., 0.,
                0., 0., 0., 0., 0.,
                0., 0., 0., 0., 0.,
                0., 0., 0., 0., 0.,
                0., 0., 0., 0., 0.,
                0., 0., 0., 0., 0.,
                0., 0., 0., 0., 0.,
                0., 0., 0., 0., 0.,
                0., 0., 0., 0.
            ]), array([0, 0, 3, 2, 7, 9, 27, 35, 60, 86, 98, 132, 100,
                98, 97, 92, 82, 61, 64, 60, 44, 43, 44, 30, 32, 28,
                18, 11, 18, 14, 11, 8, 7, 5, 0, 4, 4, 1, 0,
                0, 0, 1, 0, 0, 0, 0, 0, 0, 0, 0, 0, 0,
                0, 0, 0, 0, 0, 0, 0, 0, 0, 0, 0, 0, 0,
                0, 0, 0, 0, 0, 0, 0, 0, 0, 0, 0, 0, 0,
                0, 0, 0, 0, 0, 0, 0, 0, 0, 0, 0, 0, 0,
                0, 0, 0, 0, 0, 0, 0, 0
            ])], 1436.0
        ]
    ],
    [
        [
            [array([0.00000000e+00, 6.70331144e-05, 6.70331144e-04, 3.35165572e-03,
                9.38463601e-03, 1.69593779e-02, 2.95616034e-02, 4.71242794e-02,
                6.90441078e-02, 8.11771015e-02, 9.39133932e-02, 9.62595522e-02,
                9.27738303e-02, 8.00375385e-02, 7.58814855e-02, 6.04638692e-02,
                5.33583590e-02, 4.08231666e-02, 3.00978683e-02, 2.47352192e-02,
                2.21209277e-02, 1.52165170e-02, 1.32725566e-02, 9.71980158e-03,
                7.97694061e-03, 7.10551012e-03, 4.49121866e-03, 3.95495375e-03,
                2.61429146e-03, 2.14505966e-03, 1.34066229e-03, 1.00549672e-03,
                1.27362917e-03, 6.70331144e-04, 5.36264915e-04, 1.34066229e-04,
                2.01099343e-04, 2.68132457e-04, 0.00000000e+00, 1.34066229e-04,
                6.70331144e-05, 0.00000000e+00, 0.00000000e+00, 6.70331144e-05,
                0.00000000e+00, 0.00000000e+00, 0.00000000e+00, 0.00000000e+00,
                0.00000000e+00, 0.00000000e+00, 0.00000000e+00, 0.00000000e+00,
                0.00000000e+00, 0.00000000e+00, 0.00000000e+00, 0.00000000e+00,
                0.00000000e+00, 0.00000000e+00, 0.00000000e+00, 0.00000000e+00,
                0.00000000e+00, 0.00000000e+00, 0.00000000e+00, 0.00000000e+00,
                0.00000000e+00, 0.00000000e+00, 0.00000000e+00, 0.00000000e+00,
                0.00000000e+00, 0.00000000e+00, 0.00000000e+00, 0.00000000e+00,
                0.00000000e+00, 0.00000000e+00, 0.00000000e+00, 0.00000000e+00,
                0.00000000e+00, 0.00000000e+00, 0.00000000e+00, 0.00000000e+00,
                0.00000000e+00, 0.00000000e+00, 0.00000000e+00, 0.00000000e+00,
                0.00000000e+00, 0.00000000e+00, 0.00000000e+00, 0.00000000e+00,
                0.00000000e+00, 0.00000000e+00, 0.00000000e+00, 0.00000000e+00,
                0.00000000e+00, 0.00000000e+00, 0.00000000e+00, 0.00000000e+00,
                0.00000000e+00, 0.00000000e+00, 0.00000000e+00
            ]), array([0.00000000e+00, 6.70331144e-05, 2.11977320e-04, 4.73995697e-04,
                7.93146505e-04, 1.06622696e-03, 1.40769540e-03, 1.77732586e-03,
                2.15133484e-03, 2.33271385e-03, 2.50904508e-03, 2.54019243e-03,
                2.49377601e-03, 2.31628268e-03, 2.25534305e-03, 2.01322663e-03,
                1.89123689e-03, 1.65423819e-03, 1.42040623e-03, 1.28766408e-03,
                1.21771699e-03, 1.00995570e-03, 9.43239528e-04, 8.07185586e-04,
                7.31244947e-04, 6.90148153e-04, 5.48689688e-04, 5.14891121e-04,
                4.18621665e-04, 3.79196558e-04, 2.99781201e-04, 2.59618136e-04,
                2.92190571e-04, 2.11977320e-04, 1.89598279e-04, 9.47991395e-05,
                1.16104760e-04, 1.34066229e-04, 0.00000000e+00, 9.47991395e-05,
                6.70331144e-05, 0.00000000e+00, 0.00000000e+00, 6.70331144e-05,
                0.00000000e+00, 0.00000000e+00, 0.00000000e+00, 0.00000000e+00,
                0.00000000e+00, 0.00000000e+00, 0.00000000e+00, 0.00000000e+00,
                0.00000000e+00, 0.00000000e+00, 0.00000000e+00, 0.00000000e+00,
                0.00000000e+00, 0.00000000e+00, 0.00000000e+00, 0.00000000e+00,
                0.00000000e+00, 0.00000000e+00, 0.00000000e+00, 0.00000000e+00,
                0.00000000e+00, 0.00000000e+00, 0.00000000e+00, 0.00000000e+00,
                0.00000000e+00, 0.00000000e+00, 0.00000000e+00, 0.00000000e+00,
                0.00000000e+00, 0.00000000e+00, 0.00000000e+00, 0.00000000e+00,
                0.00000000e+00, 0.00000000e+00, 0.00000000e+00, 0.00000000e+00,
                0.00000000e+00, 0.00000000e+00, 0.00000000e+00, 0.00000000e+00,
                0.00000000e+00, 0.00000000e+00, 0.00000000e+00, 0.00000000e+00,
                0.00000000e+00, 0.00000000e+00, 0.00000000e+00, 0.00000000e+00,
                0.00000000e+00, 0.00000000e+00, 0.00000000e+00, 0.00000000e+00,
                0.00000000e+00, 0.00000000e+00, 0.00000000e+00
            ]), array([0, 1, 10, 50, 140, 253, 441, 703, 1030, 1211, 1401,
                1436, 1384, 1194, 1132, 902, 796, 609, 449, 369, 330, 227,
                198, 145, 119, 106, 67, 59, 39, 32, 20, 15, 19,
                10, 8, 2, 3, 4, 0, 2, 1, 0, 0, 1,
                0, 0, 0, 0, 0, 0, 0, 0, 0, 0, 0,
                0, 0, 0, 0, 0, 0, 0, 0, 0, 0, 0,
                0, 0, 0, 0, 0, 0, 0, 0, 0, 0, 0,
                0, 0, 0, 0, 0, 0, 0, 0, 0, 0, 0,
                0, 0, 0, 0, 0, 0, 0, 0, 0, 0, 0
            ])], 14918.0
        ],
        [
            [array([0., 0., 0.00103842, 0.00237354, 0.00712061,
                0.01438956, 0.02803738, 0.0419819, 0.05177273, 0.0749147,
                0.07595312, 0.09004599, 0.09241952, 0.08633734, 0.08322207,
                0.06126687, 0.05340454, 0.0458389, 0.03664145, 0.02596054,
                0.02314197, 0.01854324, 0.01572467, 0.01409286, 0.01275775,
                0.01082925, 0.00919745, 0.00430203, 0.00341196, 0.00430203,
                0.00222519, 0.00163181, 0.00222519, 0.00133511, 0.00118677,
                0.00074173, 0.00103842, 0.00014835, 0.00014835, 0.,
                0., 0.00029669, 0., 0., 0.,
                0., 0., 0., 0., 0.,
                0., 0., 0., 0., 0.,
                0., 0., 0., 0., 0.,
                0., 0., 0., 0., 0.,
                0., 0., 0., 0., 0.,
                0., 0., 0., 0., 0.,
                0., 0., 0., 0., 0.,
                0., 0., 0., 0., 0.,
                0., 0., 0., 0., 0.,
                0., 0., 0., 0., 0.,
                0., 0., 0., 0.
            ]), array([0., 0., 0.00039249, 0.00059338, 0.00102777,
                0.00146104, 0.00203942, 0.00249557, 0.00277133, 0.00333366,
                0.00335669, 0.00365485, 0.00370271, 0.0035788, 0.00351364,
                0.00301475, 0.00281467, 0.00260768, 0.00233144, 0.00196243,
                0.00185284, 0.00165856, 0.00152731, 0.0014459, 0.0013757,
                0.00126747, 0.00116808, 0.00079887, 0.00071144, 0.00079887,
                0.00057454, 0.00049201, 0.00057454, 0.00044504, 0.00041959,
                0.00033171, 0.00039249, 0.00014835, 0.00014835, 0.,
                0., 0.00020979, 0., 0., 0.,
                0., 0., 0., 0., 0.,
                0., 0., 0., 0., 0.,
                0., 0., 0., 0., 0.,
                0., 0., 0., 0., 0.,
                0., 0., 0., 0., 0.,
                0., 0., 0., 0., 0.,
                0., 0., 0., 0., 0.,
                0., 0., 0., 0., 0.,
                0., 0., 0., 0., 0.,
                0., 0., 0., 0., 0.,
                0., 0., 0., 0.
            ]), array([0, 0, 7, 16, 48, 97, 189, 283, 349, 505, 512, 607, 623,
                582, 561, 413, 360, 309, 247, 175, 156, 125, 106, 95, 86, 73,
                62, 29, 23, 29, 15, 11, 15, 9, 8, 5, 7, 1, 1,
                0, 0, 2, 0, 0, 0, 0, 0, 0, 0, 0, 0, 0,
                0, 0, 0, 0, 0, 0, 0, 0, 0, 0, 0, 0, 0,
                0, 0, 0, 0, 0, 0, 0, 0, 0, 0, 0, 0, 0,
                0, 0, 0, 0, 0, 0, 0, 0, 0, 0, 0, 0, 0,
                0, 0, 0, 0, 0, 0, 0, 0
            ])], 6741.0
        ],
        [
            [array([0., 0., 0.00146028, 0.00321262, 0.00584112,
                0.01051402, 0.02015187, 0.03154206, 0.04556075, 0.06074766,
                0.07535047, 0.08498832, 0.09345794, 0.08557243, 0.08148364,
                0.07009346, 0.05432243, 0.05198598, 0.04410047, 0.03008178,
                0.02482477, 0.02540888, 0.02248832, 0.01489486, 0.01109813,
                0.01080607, 0.00671729, 0.00613318, 0.00496495, 0.00408879,
                0.00438084, 0.0046729, 0.00146028, 0.00292056, 0.00087617,
                0.00058411, 0.00029206, 0., 0.00087617, 0.00029206,
                0.00029206, 0.00058411, 0.00058411, 0., 0.,
                0., 0.00029206, 0., 0., 0.,
                0., 0., 0., 0., 0.,
                0., 0., 0., 0., 0.,
                0., 0., 0., 0., 0.,
                0., 0., 0., 0., 0.,
                0., 0., 0., 0., 0.,
                0., 0., 0., 0., 0.,
                0., 0., 0., 0., 0.,
                0., 0., 0., 0., 0.,
                0., 0., 0., 0., 0.,
                0., 0., 0., 0.
            ]), array([0., 0., 0.00065306, 0.00096864, 0.00130611,
                0.00175234, 0.002426, 0.00303514, 0.00364778, 0.00421209,
                0.00469112, 0.0049821, 0.00522446, 0.00499919, 0.0048783,
                0.00452451, 0.00398311, 0.00389651, 0.00358885, 0.00296405,
                0.00269262, 0.00272412, 0.00256278, 0.0020857, 0.00180035,
                0.00177651, 0.00140065, 0.00133837, 0.00120418, 0.00109277,
                0.00113113, 0.00116822, 0.00065306, 0.00092356, 0.00050586,
                0.00041303, 0.00029206, 0., 0.00050586, 0.00029206,
                0.00029206, 0.00041303, 0.00041303, 0., 0.,
                0., 0.00029206, 0., 0., 0.,
                0., 0., 0., 0., 0.,
                0., 0., 0., 0., 0.,
                0., 0., 0., 0., 0.,
                0., 0., 0., 0., 0.,
                0., 0., 0., 0., 0.,
                0., 0., 0., 0., 0.,
                0., 0., 0., 0., 0.,
                0., 0., 0., 0., 0.,
                0., 0., 0., 0., 0.,
                0., 0., 0., 0.
            ]), array([0, 0, 5, 11, 20, 36, 69, 108, 156, 208, 258, 291, 320,
                293, 279, 240, 186, 178, 151, 103, 85, 87, 77, 51, 38, 37,
                23, 21, 17, 14, 15, 16, 5, 10, 3, 2, 1, 0, 3,
                1, 1, 2, 2, 0, 0, 0, 1, 0, 0, 0, 0, 0,
                0, 0, 0, 0, 0, 0, 0, 0, 0, 0, 0, 0, 0,
                0, 0, 0, 0, 0, 0, 0, 0, 0, 0, 0, 0, 0,
                0, 0, 0, 0, 0, 0, 0, 0, 0, 0, 0, 0, 0,
                0, 0, 0, 0, 0, 0, 0, 0
            ])], 3424.0
        ]
    ],
    [
        [
            [array([0., 0., 0., 0., 0.,
                0., 0.00236967, 0.0035545, 0.00829384, 0.01066351,
                0.01540284, 0.02369668, 0.04620853, 0.04739336, 0.06042654,
                0.06279621, 0.07109005, 0.09004739, 0.08293839, 0.08056872,
                0.05687204, 0.06516588, 0.05331754, 0.04265403, 0.02725118,
                0.02725118, 0.03317536, 0.02132701, 0.01303318, 0.01066351,
                0.01184834, 0.00592417, 0.00592417, 0.00829384, 0.00473934,
                0.00236967, 0.00118483, 0.00118483, 0.00236967, 0.,
                0., 0., 0., 0., 0.,
                0., 0., 0., 0., 0.,
                0., 0., 0., 0., 0.,
                0., 0., 0., 0., 0.,
                0., 0., 0., 0., 0.,
                0., 0., 0., 0., 0.,
                0., 0., 0., 0., 0.,
                0., 0., 0., 0., 0.,
                0., 0., 0., 0., 0.,
                0., 0., 0., 0., 0.,
                0., 0., 0., 0., 0.,
                0., 0., 0., 0.
            ]), array([0., 0., 0., 0., 0.,
                0., 0.00167561, 0.00205219, 0.00313478, 0.0035545,
                0.00427198, 0.00529874, 0.00739929, 0.00749355, 0.00846141,
                0.00862572, 0.00917769, 0.01032914, 0.00991303, 0.00977039,
                0.00820877, 0.00878697, 0.00794811, 0.007109, 0.00568226,
                0.00568226, 0.00626955, 0.00502683, 0.00392965, 0.0035545,
                0.00374677, 0.00264937, 0.00264937, 0.00313478, 0.00236967,
                0.00167561, 0.00118483, 0.00118483, 0.00167561, 0.,
                0., 0., 0., 0., 0.,
                0., 0., 0., 0., 0.,
                0., 0., 0., 0., 0.,
                0., 0., 0., 0., 0.,
                0., 0., 0., 0., 0.,
                0., 0., 0., 0., 0.,
                0., 0., 0., 0., 0.,
                0., 0., 0., 0., 0.,
                0., 0., 0., 0., 0.,
                0., 0., 0., 0., 0.,
                0., 0., 0., 0., 0.,
                0., 0., 0., 0.
            ]), array([0, 0, 0, 0, 0, 0, 2, 3, 7, 9, 13, 20, 39, 40, 51, 53, 60,
                76, 70, 68, 48, 55, 45, 36, 23, 23, 28, 18, 11, 9, 10, 5, 5, 7,
                4, 2, 1, 1, 2, 0, 0, 0, 0, 0, 0, 0, 0, 0, 0, 0, 0,
                0, 0, 0, 0, 0, 0, 0, 0, 0, 0, 0, 0, 0, 0, 0, 0, 0,
                0, 0, 0, 0, 0, 0, 0, 0, 0, 0, 0, 0, 0, 0, 0, 0, 0,
                0, 0, 0, 0, 0, 0, 0, 0, 0, 0, 0, 0, 0, 0
            ])], 844.0
        ],
        [
            [array([0., 0., 0., 0., 0.,
                0.002457, 0.002457, 0.004914, 0.00982801, 0.01228501,
                0.00737101, 0.01719902, 0.03931204, 0.01965602, 0.04914005,
                0.04668305, 0.05896806, 0.07125307, 0.07616708, 0.06879607,
                0.07125307, 0.05651106, 0.05651106, 0.03685504, 0.04176904,
                0.06142506, 0.02702703, 0.04422604, 0.01719902, 0.02702703,
                0.01719902, 0.01474201, 0.01228501, 0., 0.004914,
                0.004914, 0.004914, 0.002457, 0.002457, 0.,
                0.004914, 0., 0.002457, 0.002457, 0.,
                0., 0., 0., 0., 0.,
                0., 0., 0., 0., 0.,
                0., 0., 0., 0., 0.,
                0., 0., 0., 0., 0.,
                0., 0., 0., 0., 0.,
                0., 0., 0., 0., 0.,
                0., 0., 0., 0., 0.,
                0., 0., 0., 0., 0.,
                0., 0., 0., 0., 0.,
                0., 0., 0., 0., 0.,
                0., 0., 0., 0.
            ]), array([0., 0., 0., 0., 0.,
                0.002457, 0.002457, 0.00347473, 0.004914, 0.00549402,
                0.00425565, 0.00650062, 0.00982801, 0.00694945, 0.01098805,
                0.01070983, 0.0120368, 0.01323136, 0.01368001, 0.01300123,
                0.01323136, 0.01178337, 0.01178337, 0.00951593, 0.01013048,
                0.01228501, 0.00814896, 0.01042418, 0.00650062, 0.00814896,
                0.00650062, 0.0060184, 0.00549402, 0., 0.00347473,
                0.00347473, 0.00347473, 0.002457, 0.002457, 0.,
                0.00347473, 0., 0.002457, 0.002457, 0.,
                0., 0., 0., 0., 0.,
                0., 0., 0., 0., 0.,
                0., 0., 0., 0., 0.,
                0., 0., 0., 0., 0.,
                0., 0., 0., 0., 0.,
                0., 0., 0., 0., 0.,
                0., 0., 0., 0., 0.,
                0., 0., 0., 0., 0.,
                0., 0., 0., 0., 0.,
                0., 0., 0., 0., 0.,
                0., 0., 0., 0.
            ]), array([0, 0, 0, 0, 0, 1, 1, 2, 4, 5, 3, 7, 16, 8, 20, 19, 24,
                29, 31, 28, 29, 23, 23, 15, 17, 25, 11, 18, 7, 11, 7, 6, 5, 0,
                2, 2, 2, 1, 1, 0, 2, 0, 1, 1, 0, 0, 0, 0, 0, 0, 0,
                0, 0, 0, 0, 0, 0, 0, 0, 0, 0, 0, 0, 0, 0, 0, 0, 0,
                0, 0, 0, 0, 0, 0, 0, 0, 0, 0, 0, 0, 0, 0, 0, 0, 0,
                0, 0, 0, 0, 0, 0, 0, 0, 0, 0, 0, 0, 0, 0
            ])], 407.0
        ],
        [
            [array([0., 0., 0.0049505, 0., 0.,
                0., 0., 0., 0., 0.,
                0.01980198, 0.02970297, 0.02475248, 0.03960396, 0.04455446,
                0.06930693, 0.03960396, 0.04455446, 0.11386139, 0.04950495,
                0.04950495, 0.06435644, 0.06930693, 0.04455446, 0.06435644,
                0.03960396, 0.01485149, 0.02970297, 0.02970297, 0.04455446,
                0.0049505, 0.00990099, 0.01485149, 0.00990099, 0.01485149,
                0.0049505, 0., 0., 0.0049505, 0.,
                0., 0., 0., 0., 0.,
                0., 0., 0., 0.0049505, 0.,
                0., 0., 0., 0., 0.,
                0., 0., 0., 0., 0.,
                0., 0., 0., 0., 0.,
                0., 0., 0., 0., 0.,
                0., 0., 0., 0., 0.,
                0., 0., 0., 0., 0.,
                0., 0., 0., 0., 0.,
                0., 0., 0., 0., 0.,
                0., 0., 0., 0., 0.,
                0., 0., 0., 0.
            ]), array([0., 0., 0.0049505, 0., 0.,
                0., 0., 0., 0., 0.,
                0.00990099, 0.01212619, 0.01106964, 0.01400211, 0.01485149,
                0.01852306, 0.01400211, 0.01485149, 0.02374174, 0.01565484,
                0.01565484, 0.01784926, 0.01852306, 0.01485149, 0.01784926,
                0.01400211, 0.00857451, 0.01212619, 0.01212619, 0.01485149,
                0.0049505, 0.00700106, 0.00857451, 0.00700106, 0.00857451,
                0.0049505, 0., 0., 0.0049505, 0.,
                0., 0., 0., 0., 0.,
                0., 0., 0., 0.0049505, 0.,
                0., 0., 0., 0., 0.,
                0., 0., 0., 0., 0.,
                0., 0., 0., 0., 0.,
                0., 0., 0., 0., 0.,
                0., 0., 0., 0., 0.,
                0., 0., 0., 0., 0.,
                0., 0., 0., 0., 0.,
                0., 0., 0., 0., 0.,
                0., 0., 0., 0., 0.,
                0., 0., 0., 0.
            ]), array([0, 0, 1, 0, 0, 0, 0, 0, 0, 0, 4, 6, 5, 8, 9, 14, 8,
                9, 23, 10, 10, 13, 14, 9, 13, 8, 3, 6, 6, 9, 1, 2, 3, 2,
                3, 1, 0, 0, 1, 0, 0, 0, 0, 0, 0, 0, 0, 0, 1, 0, 0,
                0, 0, 0, 0, 0, 0, 0, 0, 0, 0, 0, 0, 0, 0, 0, 0, 0,
                0, 0, 0, 0, 0, 0, 0, 0, 0, 0, 0, 0, 0, 0, 0, 0, 0,
                0, 0, 0, 0, 0, 0, 0, 0, 0, 0, 0, 0, 0, 0
            ])], 202.0
        ]
    ]
]